1 138.8259360998871 166.94602627353345
2 27.407876816080634 38.470954404298666
3 159.83307832457461 150.0814305962026
4 85.6541632762775 80.69782871002096
5 84.50971164852228 81.49202397851214
6 84.11251444452108 77.33657311134095
7 86.0104968201295 81.72072754870885
8 87.97057252065274 81.96732674344717
9 86.97621266438203 78.14406680702085
10 84.31534278906284 81.73679445432637
11 87.45147559298182 82.53522262286543
12 86.53710444242022 79.80606397091795
13 90.45833317887197 80.28433244689198
14 85.08768443367936 82.15123868694195
15 88.99944467604627 78.91468877369765
16 90.22197802451753 85.01731317112925
17 86.86757807323849 81.7820198967438
18 85.81478762863597 77.20896048523359
19 89.62543900918257 78.21682014396539
20 86.70199173668681 80.62704734785616
21 87.88690572659216 77.29036965732662
22 83.08421484622582 74.40313079728195
23 84.89232120558627 75.47554833994577
24 89.07659744012905 78.92408273191603
25 83.85481496249734 79.38881806768028
26 85.1659291462172 82.59735024526077
27 82.71112335262536 78.65845403521146
28 86.81761625711351 78.48741214270798
29 83.19454243839633 82.76760637952039
30 84.78820502567548 77.10838267656563
31 82.52482622719396 79.00525267965837
32 103.62807561197698 57.20324973984099
33 105.59826698506085 60.33618398578218
34 106.6226669332984 58.04067804537237
35 105.11240593578131 57.74389726671201
36 105.81753255393052 56.980687811933464
37 100.73676572348984 56.59900665407049
38 99.90676847138283 55.786733635103815
39 102.66826994819986 57.235731104893915
40 101.6079651683968 57.29580908447811
41 105.27085966717154 54.59486644667812
42 102.73930419649884 56.40119463045262
43 101.76617053024005 57.574628393811764
44 103.3722162715556 54.57970481600541
45 98.6842268997224 57.364795948767366
46 102.7730984609978 60.95888502492006
47 100.49352417914243 63.77133909794836
48 101.68641536138873 58.138466754766455
49 102.43314469380333 62.44613708057167
50 105.95942026155348 61.10520636612978
51 104.26685755016163 63.820104429305545
52 100.07914340149536 61.570925320701804
53 105.73277517894456 54.58557392469405
54 103.23128036969649 51.48751233400056
55 104.38293499403004 54.46899889486643
56 101.912448559003 55.430021130062435
57 107.16670769656358 56.83611967561814
58 105.8183347893203 56.17127721796922
59 106.02178360274648 55.53949462694493
60 121.90861542846686 19.769181778776087
61 120.35925478378434 21.072675922111145
62 122.39679675064689 21.169569682694558
63 120.30591019411925 21.572105016176653
64 118.27064948856103 18.816965358310895
65 121.56633312001463 17.316716872386973
66 120.69833666716742 17.28474257660251
67 124.18128822552545 21.610065037347315
68 122.5737752480103 24.601272703267504
69 121.90787878206876 21.613648028267676
70 124.60184766639173 25.230027661253125
71 123.0680706647766 24.243678259183245
72 122.37061959404961 20.95029380405852
73 120.7097869243747 19.927423224855595
74 124.80394311909868 20.27393426661101
75 126.82982838081371 23.14985094892441
76 123.66354013772155 20.318249450463902
77 122.7603737875855 19.675487502107625
78 126.28016990681348 17.725156652746204
79 124.50659288496824 16.35512915025128
80 121.88792431594067 17.8093912627997
81 121.6471061963192 22.64368967688901
82 121.80415865544694 25.901127208187418
83 119.57977503277957 19.229614778682617
84 120.5602816625308 22.54285878354082
85 118.5661927496663 24.861767886187796
86 120.51544015842637 22.45576483781484
87 119.63656798998572 24.386628694502292
88 118.94282700781731 20.097540876861004
89 118.21589855924941 21.377761136052797
90 120.60245397727654 19.692305758815962
91 119.1813409499946 22.5725280301383
92 116.36124122980814 17.54583014105103
93 117.06015991756772 20.8198463493636
94 119.47002007814196 17.529526115489183
95 124.96430639578229 19.06718609079221
96 125.6942874582561 20.107610316452025
97 125.16479749953697 17.077896797972695
98 123.66919435467283 21.262453437402655
99 122.1258114388073 21.610544891623654
100 128.09383602885399 18.673147136653167
101 123.98295578884407 22.288244817966564
102 47.86568219916467 123.90165607808645
103 49.72959997460781 120.91314353025528
104 48.51246955590362 126.14745152894892
105 46.95168883608191 120.20863060618804
106 51.27617253145391 124.85395000743495
107 47.72202953983577 123.62058275448967
108 51.356812502250634 124.0617450469179
109 47.49897223794663 122.95121293849144
110 51.02106406420191 123.71499565183024
111 46.50173598629155 125.67203473475509
112 47.57732741560364 125.34944292742277
113 49.51074682026867 122.90364880946528
114 48.11327778235502 119.74129132654865
115 46.68010098678115 124.10304725703814
116 51.000388458133095 124.32034028815883
117 53.577163123218455 122.5093069510286
118 50.40690615881314 122.37049801930904
119 49.690423994453255 121.62074956071714
120 52.89501424070986 127.30636624058099
121 49.257205410113976 126.48038483725385
122 53.948172193138745 123.80101485552197
123 44.17147324622793 122.51074910917293
124 46.170660336747936 125.85105568974487
125 41.48587392711354 120.64620524407964
126 45.956313143738676 122.36418603469909
127 43.039327804079214 122.54319868620814
128 41.81708597022322 123.22239553699313
129 41.62581659295202 124.42928407885256
130 45.44425690202133 126.03796809210299
131 48.00523724027597 125.33415595154251
132 43.93539403203595 128.71121409242147
133 46.3195786281904 124.69930728507391
134 43.1937449607411 128.46188306387958
135 45.442623786219805 126.52207561867401
136 45.610110647075004 126.5685366866903
137 50.81167800250165 122.757634618039
138 50.98820962260251 124.47984895806906
139 48.1850021465512 124.00841159795297
140 50.444579239798294 126.18459617578317
141 52.364491791971595 125.6508257042221
142 52.521792318163385 121.57311347917425
143 52.474072135008846 119.39134919318583
144 49.88138193580863 126.5817272768653
145 46.72418109051755 125.19704177581161
146 51.447670168163356 129.1629416005959
147 47.7714801230939 129.50244975474
148 50.00788713006044 125.7179279344823
149 49.29565759849706 124.93546066871353
150 48.38798908676933 127.08702589559027
151 67.79403191584689 106.04165947230814
152 68.9039126603548 105.81785238006029
153 70.3373860006985 104.2481705991569
154 68.78486293541033 104.01184419265736
155 68.84384234553114 105.89489562762965
156 66.37181531747181 104.99787571753717
157 64.63357910557623 107.74176147813763
158 68.8669225544722 103.96676843110023
159 68.20226960099144 100.92100885009104
160 66.75516251893099 106.01048674593893
161 65.7188147853993 101.6839619066333
162 69.2239539455676 105.67264453514116
163 69.42346571779457 102.69694873362302
164 70.37238187519162 101.45515305167274
165 71.10111802277555 105.93214129223055
166 71.39585528611342 108.36213602791784
167 73.7868179121206 106.76044708224181
168 69.90756183221204 109.33031438193063
169 72.22189410334951 108.60997134915414
170 68.54025207942166 108.28441425301631
171 69.13440108834452 103.26772602233473
172 70.13361924916082 106.40662918211025
173 67.79342982559697 108.61431962163374
174 70.96946637273085 109.96201900017043
175 73.02293947429905 106.89671827077552
176 66.83098031064002 107.61037696214221
177 68.05727683387732 108.84928837903054
178 69.04281741733669 106.42222753964977
